ms	gs	fb	wmt	xom	msft	nke
34.17	193.03	106.26	60.7	80.3	53.94	125.78
34.25	193.66	107.77	60.93	80.74	53.85	125.78
33.59	190.57	105.13	59.92	79.96	52.97	122.58
34.05	192.16	104.04	57.87	80.9	53.76	123.46
33.93	190.39	103.95	56.42	78.1	52.84	121.86
34.23	192.77	108.02	56.95	79.41	53.32	125.98
35.02	197.39	109.01	57.58	81.62	53.65	127.42
35.24	197.81	107.91	58.68	82.35	53.51	130
35.11	196.76	106.49	58.49	81.95	54.16	130.48
35.41	199.17	107.1	58.78	84.47	54.92	131.78
33.88	192.02	108.76	58.61	84.81	54.38	131.86
33.4	191.65	103.94	58.37	85.98	54.4	130.36
33.29	190.69	102.58	58.11	86.85	54.15	131.4
33.48	189.68	103.31	57.61	85.28	53.24	131.19
32.97	187.5	101.97	57.24	82.74	52.64	131.03
33.54	189.89	104.88	57.96	82.23	53.36	131.12
33.44	191.32	104.2	57.64	82.28	53.98	131.29
32.23	186.31	103.7	57.48	81.09	53.69	130.82
32.55	187.01	103.77	58.02	81.22	54.25	131.38
32.62	185.5	102.19	58.3	82.98	52.87	130.53
32.35	183.56	99.67	58.9	82.89	48.03	132.41
31.48	179.7	97.11	58.64	80.21	47.2	132.47
32.25	185.51	97	58.75	80.83	47.77	132.37
32.32	185.74	98.47	58.85	80.99	47.62	133.21
33.95	185.18	97.54	58.89	82.48	47.51	130.47
33.61	184.96	95.96	59.33	81.48	47.01	128.79
32.54	179.51	94.07	60.03	80.16	46.68	125.84
32.61	180.97	94.12	66.73	79.16	46.89	125.81
32.8	180.23	94.26	66.93	79.3	47	126.43
32.72	179.19	93.24	66.69	79.26	47.11	124.94
32.99	181.07	92.47	66.88	80.03	47.45	124.91
32.93	182.23	92.4	66.36	79.2	46.8	122.1
32.36	180.32	92.8	65.68	77.89	46.75	123.19
32.29	180.7	94.01	65.87	76.81	46.63	124.27
31.43	177.01	92.07	64.98	75.88	45.57	125.21
31.5	176.02	90.95	64.27	74.06	44.61	123.83
31.5	173.76	89.9	64.84	74.35	44.26	122.97
31.01	171.86	86.67	63.78	72.97	43.44	119.67
31.09	173.02	89.21	63.66	72.6	43.29	122.14
32.19	179.83	92.77	63.78	73.23	43.94	125
31.97	176.91	94.41	63.83	72.73	43.91	114.79
32.32	179.41	93.97	63.72	72.3	43.87	115.43
32.44	179.72	92.96	63.59	72.74	43.9	115.97
33.34	183.35	95.55	63.72	73.39	44.11	116.56
33.03	180.94	94.4	63.34	72.68	43.48	115.05
34.05	186.45	94.34	64.47	74.46	44.25	115.27
34.62	188.64	93.45	64.69	74.3	44.3	115.58
34.58	187.45	92.9	64.32	72.86	43.98	113.84
33.81	183.94	92.31	64.28	72.49	43.04	111.89
33.99	185.27	92.05	64.65	72.69	43.48	111.82
33.87	185.91	91.98	64.12	72.52	43.29	110.38
33.75	185.68	90.44	65.12	72	43.07	109.86
34.27	185.88	89.53	66.38	73.5	43.89	111.75
33.19	180.38	88.26	63.89	72.46	42.61	109.69
33.8	185.06	88.15	64.86	73.79	43.5	110.85
33.79	184.51	89.89	64.44	73.23	43.36	110.7
33.12	182.12	87.23	63.82	72.08	41.82	108.63
34.45	188.6	89.43	64.73	75.24	43.52	111.75
34.05	187.75	91.01	64.94	75.07	43.93	112.5
34.3	189.21	89.73	66.08	74.85	43.9	112.62
33.3	184.4	87.19	64.83	72.5	42.71	108.76
31.76	178.22	83	63.1	68.71	40.47	103.53
32.26	179.46	82.09	63.95	68.72	41.68	103.87
34.21	187.74	86.06	66.54	72.13	43.07	106.87
36.17	196.75	90.56	68.43	74.57	45.66	112.3
37.44	200.95	95.31	68.57	76.23	46.61	114.96
37.82	201.18	95.17	69.48	77.9	47.27	114.82
38.14	202.57	93.93	71.91	78.77	47.32	114.98
38.05	202.02	94.42	72.38	78.36	47	114.36
37.75	200.74	93.43	72.11	78.65	46.73	113.6
37.57	201.13	94.19	72.58	78.79	46.74	113.06
37.92	201.7	93.62	71.93	77.49	46.41	114.46
39.08	205.97	94.15	71.48	78.75	47.33	115.36
38.58	203.44	94.3	71.25	76.83	46.74	114.51
38.93	205.09	95.12	72.79	78.09	46.62	115.12
39	205.7	96.44	73.51	77.17	47.58	116.75
38.92	205.17	94.06	72.25	77.17	47.54	115.77
38.76	204.69	94.14	72.18	78.06	46.81	114.83
38.84	205.07	94.01	71.98	79.21	46.7	115.22
39.3	207.2	95.21	72.16	83.01	46.88	115.01
39.29	206.84	96.99	72.23	83.14	46.29	114.92
39.25	206.24	95.29	72.1	82.48	45.34	113.47
39.25	205.02	94.17	71.38	79.26	45.35	111.73
39.6	207.35	96.95	71.58	79.94	45.94	112.99
39.94	211.05	95.44	72.51	81.14	46.11	114
40.54	213.25	97.04	73.16	81.79	45.54	114.09
40.08	211.5	98.39	72.74	81.66	47.28	112.99
40.04	212.39	97.91	73.1	81.76	46.92	113.13
40.2	212.46	94.97	73.39	82.61	46.62	112.8
39.91	211.18	90.85	73.83	82.91	46.66	112.34
39.7	212.96	89.76	73.65	82.76	45.76	111.9
39.71	212.16	89.68	73.79	83.11	45.62	112.34
39.32	210.12	90.1	73.88	82.42	45.54	112.41
38.64	207.19	87.95	73.12	82.22	44.61	110.52
38.1	204.81	85.88	72.78	81.6	44.52	109.44
37.79	204.06	85.65	73.06	81.97	44.24	109.27
38.62	208.21	87.22	73.79	82.87	44.3	111.29
38.85	208.04	87.55	72.53	82.53	44.39	109.84
39	209.2	87.28	71.86	83.14	44.4	109.87
39.36	209.94	86.91	71.88	82.37	44.44	109.43
38.79	208.79	85.76	70.93	83.2	44.15	108.02
38.31	207.65	85.8	71.42	82.82	44.37	107.67
39.5	213.17	88.01	72.12	83.86	45.26	109.71
39.22	212.82	87.98	71.86	83.93	45.65	105.22
39.64	214.43	88.86	72.38	84.68	45.64	106.22
40.21	218.4	87.88	72.57	85.07	45.91	107.2
39.85	216.51	84.74	72.79	85.17	46.23	106.79
39.37	213.19	82.51	72.74	85.21	46.1	106.53
39.79	214.6	82.9	72.98	85.48	46.72	106
39.58	212.93	81.79	72.73	84.73	45.97	104.75
39.74	213.56	81.06	72.35	84.68	45.83	104.56
39.53	211.76	80.71	71.93	83.72	45.48	103.35
39.61	213.06	81.53	72.43	84.02	45.97	103.78
39.87	213.94	81.83	72.94	85.09	46.44	103.88
39.89	213.13	82.16	72.93	85.21	46.61	103.34
39.13	209.02	80.67	72.47	84.58	45.65	101.35
39.09	209.79	80.67	72.61	84.85	45.73	101.44
39.29	210.45	82.14	73.06	84.28	46.14	102.03
38.7	208.87	82.05	74.15	84.22	46.36	101.95
39.01	208.29	82.44	74.89	84.95	46.85	102.51
38.52	206.43	80.44	74.53	85.14	46.92	102.11
38.58	207.81	80.29	74.73	85.13	47.23	101.76
38.2	206.19	79.19	74.27	85.2	46.86	101.67
38.73	208.48	80.14	74.84	85.11	47.45	102.3
38.62	209.06	80.55	75.19	85.11	47.61	102.84
37.79	206.38	79.34	74.9	85.35	46.59	103.42
38.17	207.8	80.54	75.86	86.52	46.9	104.43
38.04	204.95	80.48	76.11	87.21	47.42	104.4
38.33	205.08	80.55	75.9	87.13	47.58	104.61
38.69	205.4	80.63	76.43	86.99	47.58	104.64
38.33	204.66	80.88	79.92	86.85	48.01	104.75
37.85	202.97	80.42	79.24	87.35	48.3	104.98
38.14	202.62	81.37	78.72	86.97	48.72	103.44
37.78	201.43	78.44	78.16	86.56	47.62	102.16
37.72	200.53	77.46	78.96	87.02	47.35	102.37
38.25	201.73	78.01	78.1	86.78	47.37	102.79
37.89	200.5	78.51	78.53	88.99	47.75	102.44
37.54	197.39	78.42	78.03	87.6	46.7	101.45
37.05	196.25	78.1	77.65	88.19	46.28	100.22
37.45	197.29	77.56	78.13	88.61	47.6	100.42
37.91	199.3	78.81	79.18	89.11	48.24	100.83
37.51	197.53	78.99	78.6	88.85	48.66	100.78
37.31	196.42	78.77	78.05	87.37	48.64	98.84
37.49	198.56	80.46	77.88	87.87	49.06	100.17
37.04	197.49	80.68	79.1	87.8	49.16	99.86
37.05	196.52	81.91	79.37	87.01	48.03	100.94
37.36	197.99	81.53	79.84	86.97	47.87	100.95
37.38	199.31	82.41	79.18	87.54	43.34	101.11
37.2	198.32	84.63	78.43	87.46	42.98	100.15
36.75	196.84	83.62	78.03	86.88	42.64	100.29
36.96	198.1	83.09	78.14	87.24	42.9	99.99
36.75	197.35	80.78	77.88	86.93	41.62	98.55
37.36	200.21	82.31	79.24	87.73	42.16	99.9
37.39	201.1	82.7	79.74	88.08	42.26	99.83
36.84	197.72	83.52	80.15	86.63	41.65	99.53
36.3	195.58	83.01	80.29	85.34	41.76	99.27
36.24	195.64	82.04	80.65	85.56	41.72	99.97
36.64	194.89	82.17	80.84	84.65	41.48	100.72
36.26	192.56	82.28	81.03	84.06	41.42	100.84
35.94	192.39	82.32	80.5	85.75	41.53	99.61
35.91	192.05	82.44	80.99	85.13	41.54	99.73
36.06	191.55	81.56	80.73	84.3	40.29	99.66
35.97	192.23	81.66	80.71	84.46	40.72	99.55
35.69	187.97	82.22	82.25	85	40.66	100.33
36.31	191.02	83.2	82.53	85.63	40.96	100.89
35.83	188.06	83.3	81.35	83.58	40.97	99.88
35.62	187.24	83.01	81.89	84.32	41.21	99.33
35.45	187.35	82.92	81.32	84.86	41.46	98.99
36.24	191.28	85.31	83.05	84.52	42.9	100.65
36.31	191.96	84.43	83.31	85.43	42.86	101.46
36.5	193.13	83.8	83.24	84.54	42.88	101.98
36.11	189.97	82.75	81.52	84.41	42.28	98.32
36.73	192.32	80.91	82.53	86.07	42.5	97.51
36.55	190.57	79.36	82.62	84.08	41.7	96.54
36.73	191.9	78.07	83.29	84.76	41.56	96.44
36.35	189.34	78.05	81.9	83.87	41.38	95.81
37.09	189.95	78.93	81.9	84.22	41.02	97.04
34.95	184.18	77.57	80.69	84.02	41.98	95.34
34.88	182.71	77.55	82.07	84.26	42.03	96.51
35.67	187.93	79.44	82.88	85.16	42.85	97.43
35.53	186.91	80	82.59	85.63	42.36	96.91
35.52	190.08	81.21	83.57	86.74	43.11	98.46
35.09	189.67	80.9	82.58	87.18	43.06	97.52
35.82	191.27	79.6	83.37	87.62	43.28	97.97
36.24	191.79	79.75	83.96	88.04	43.88	98.75
35.79	189.79	78.97	83.93	88.54	43.85	97.12
36.06	192.2	80.41	83.8	88.65	44.06	96.99
36.59	191.72	79.56	83.57	89.6	43.99	96.82
36.74	192.22	78.45	84.57	89.42	44.09	95.42
36.27	190.31	78.84	84.6	89.01	44.15	95.01
36.74	191.51	79.9	84.3	89.92	43.86	94.93
36.33	189.11	79.42	83.52	89.44	43.5	93.7
36.37	188.67	76.71	86.29	91.01	43.53	93.62
36.92	190.02	75.6	85.96	93.05	43.58	91.86
36.78	189	75.74	85.81	93.37	43.87	92.04
36.9	189.78	76.23	85.89	92.37	43.09	92
36.37	187.65	76.51	86.34	90.6	42.38	91.31
36.16	184.56	75.19	87.29	91.01	42.6	92.75
35.63	182.22	74.44	85.91	91.56	42.36	91.17
35.79	183.43	74.47	87.33	91.5	42.41	91.79
34.93	180.77	75.62	87.28	92.36	42.45	93.34
34.77	178.78	75.63	86.65	91.46	41.84	92.54
35.04	180.24	75.4	86.19	92.25	41.6	93.35
34.42	175.49	74.99	85.71	89.58	41.28	91.92
33.81	172.41	75.91	84.98	87.42	40.4	92.25
34.37	175.99	78	87.72	87.58	42.01	94.87
33.77	173.05	76.24	86.82	87.95	41.19	93.31
34.66	176.49	75.78	87.53	90.95	42.66	94.5
35.11	180.42	77.5	88.63	91.76	47.01	96.35
35.15	180.49	77.83	88.51	90.89	47.18	96.16
35.53	182.04	77.65	88.3	92.87	47.13	95.85
34.73	177.15	76.74	86.64	91.87	45.92	93.51
34.75	175.63	76.24	86.69	91.09	46.39	93.61
34.89	177.23	75.18	86.77	91.12	46.24	92.99
34.58	178.49	74.05	87.38	88.96	45.48	92.81
35.21	180.23	76.28	86.61	89.74	45.96	93.71
36.03	184.93	76.45	89.31	90	46.36	95.01
36.37	185.07	76.72	90.02	90.33	46.6	95.86
36.88	187.35	77.74	89.35	92.1	47.19	95.99
37.49	190.27	78.18	90.47	92.23	47.59	97.06
36.94	187.28	76.15	88.6	90.72	46.23	94.87
36.42	184.53	76.15	86.31	89.81	45.65	92.95
37.5	188.34	77.19	85.65	90.29	46.32	93.5
38.71	194.41	78.45	85.9	92.83	46.76	95.03
38.8	193.83	78.02	85.88	92.45	46.45	96.15
39	195.71	79.22	86.79	93.02	47.02	96.88
38.96	196.19	80.02	86.64	93.07	47.45	97.3
38.72	195.45	80.78	86.91	93.21	47.88	96.83
38.81	195.89	80.77	86.43	93.78	48.14	96.29
38.95	195.5	80.61	86.66	94.59	48.45	95.97
38.57	194.44	81.45	86.38	93.33	47.98	95.93
38.51	193.28	79.88	85.16	93.64	47.66	94.84
38.1	191.61	78.4	85.94	91.16	47.52	97.08
36.73	185.03	76.11	84.23	89.02	45.74	94.5
35.52	183.31	74.69	82.96	86.41	45.16	93.21
35.93	185.54	76.99	83.94	86.9	46.67	95.43
36.25	188.82	77.83	83.81	86.6	46.95	96.17
37.4	193.54	77.73	83.83	89.2	47.17	96.93
37.39	192	76.18	82.98	88.67	46.9	97.66
38.1	196.89	76.84	83.56	91.38	47.59	97.03
38	196.62	76.52	84.23	91.7	47.7	97.72
37.24	195.45	76.36	84.12	93.82	48.42	99.33
36.79	191.95	75.24	84.76	94.37	48.84	99.05
36.52	190.95	74.88	84.94	94.95	48.08	98.5
35.77	190.19	75.46	86.4	94.19	48.46	98.04
35.1	188.2	75.1	86.22	92.35	48.62	97.69
35.18	188.41	77.7	87.54	90.54	47.81	99.29
35.12	188.52	77.62	84.98	94.48	47.75	97.8
35.3	188.86	75.63	84.95	94.78	47.47	97.29
35.62	190.07	74.01	85.4	95.72	47.59	97.95
35.53	189.59	73.75	84.65	96.81	47.98	97.42
35.39	189.75	73.6	84.58	95.82	48.7	97.3
